2 4 6 9 11 16 20 23 24 25 26 27 28 30 32 36 38 46 47 48 51
4 6 9 11 16 20 23 24 26 27 28 30 32 33 38 46 47 50 51 52 58 60
4 6 9 11 16 20 23 24 25 26 27 28 29 30 32 33 36 46 47 50 51 52 58
1 8 11 18 23 25 26 27 28 29 30 31 34 35 46 48 49 51 54 56 60
1 8 11 18 23 25 26 27 28 29 30 31 34 35 37 46 49 54 56 60
1 3 8 11 18 23 25 26 27 28 29 30 31 34 35 37 46 48 49 51 54 56 60
2 7 11 23 24 25 27 28 29 30 31 33 34 35 45 49 50 52
2 6 7 24 25 26 27 28 29 30 31 33 37 45 48 49 50 55 56
2 3 9 10 16 24 25 26 27 28 29 30 31 37 42 45 48 49 50 55 56 59 60
3 4 10 24 25 26 27 28 29 32 34 37 42 47 48 49 51 52 53 55 59
4 5 10 17 24 25 26 27 28 29 30 32 34 42 44 47 48 49 51 53 55 59